Total weight 1768
18 78
21 31
42 118
27 131
29 91
71 77
5 146
121 127
12 79
85 135
33 121
21 83
36 125
18 45
16 41
74 83
81 123
15 99
44 82
59 90
12 35
85 104
38 62
18 23
45 117
78 130
105 112
61 74
17 49
107 119
41 47
10 14
116 119
49 71
46 72
4 11
108 125
107 115
4 46
14 30
1 65
27 49
8 35
83 87
60 61
25 56
14 149
45 133
4 109
110 130
71 120
61 122
57 114
125 145
29 80
42 73
101 139
99 119
2 122
25 57
4 96
80 142
40 136
43 52
52 87
100 144
22 91
44 76
0 104
61 126
19 78
37 110
82 137
73 138
93 95
12 141
75 84
121 148
81 100
0 64
34 80
1 142
22 130
71 103
44 47
57 84
103 148
131 145
111 120
50 79
89 113
145 147
44 136
36 119
9 71
57 106
3 23
6 13
89 108
50 52
6 122
88 104
92 125
33 84
130 146
10 38
17 135
87 106
33 128
53 58
22 68
59 72
35 96
2 146
69 104
49 123
11 14
53 63
48 65
70 85
92 143
15 32
58 130
54 68
28 135
55 56
15 42
7 37
39 69
59 139
16 138
5 132
20 59
84 93
84 140
66 113
102 133
117 134
24 85
42 67
30 97
78 86
17 124
21 112
51 127
30 98
32 94
26 87
129 135
