Total weight 1258
29 51
5 78
0 90
8 15
7 37
63 79
15 45
25 29
69 85
21 51
7 19
52 71
36 93
51 79
44 67
84 98
49 85
17 80
7 83
2 96
15 43
18 38
2 10
9 60
7 14
71 74
50 60
94 97
13 95
45 73
53 60
48 79
18 61
50 85
57 67
54 55
37 88
76 82
10 19
19 97
73 99
11 21
81 91
30 36
4 39
25 57
60 64
21 73
5 91
42 50
3 72
0 15
49 74
29 87
1 85
9 95
42 48
14 92
5 87
30 95
91 96
55 74
69 89
13 82
58 89
33 73
34 91
23 71
35 42
28 76
76 80
20 25
8 31
12 20
66 80
3 4
6 79
46 99
13 98
59 94
24 26
18 28
26 92
39 43
27 54
51 62
47 66
18 70
69 77
22 82
49 86
41 44
32 88
31 65
16 59
68 89
75 93
40 44
16 56
