Total weight 8026
160 170
55 77
98 165
91 130
12 32
9 83
47 89
48 192
69 133
0 40
21 177
48 104
49 110
7 64
74 80
119 159
41 99
39 56
22 197
68 75
67 162
60 199
88 93
113 156
87 164
0 150
24 184
168 172
0 83
89 170
165 184
169 189
30 158
1 186
102 163
38 173
10 77
3 178
66 123
124 132
23 114
9 191
106 198
19 179
49 155
62 90
128 135
177 182
120 161
13 27
46 136
48 57
57 84
24 83
31 85
3 146
102 151
51 89
171 183
53 175
83 117
88 164
63 150
196 197
22 82
6 183
22 180
53 83
18 187
36 188
114 174
75 149
25 121
11 97
12 20
66 150
62 155
87 197
47 113
73 155
30 133
23 53
18 107
105 165
38 132
36 72
60 151
90 96
84 153
58 77
123 127
117 136
45 62
48 117
90 191
114 193
8 156
6 91
23 43
153 168
60 178
36 53
32 101
9 142
71 150
16 53
48 116
102 192
24 39
79 162
30 167
124 182
102 179
80 111
37 176
29 104
28 31
90 181
78 145
37 83
114 166
8 119
81 104
140 148
40 132
80 95
128 189
86 121
83 89
32 93
117 125
125 134
18 64
107 115
17 38
54 93
59 134
144 175
128 147
157 198
47 195
104 130
95 174
33 192
5 117
152 171
144 185
112 155
4 37
54 81
48 122
53 79
41 185
21 129
0 26
125 141
80 118
42 122
76 89
137 198
138 198
109 162
78 149
135 188
5 34
57 103
85 192
64 126
109 121
17 154
94 194
94 159
50 119
44 105
11 156
27 66
15 117
98 190
70 96
47 77
37 131
58 100
56 148
14 144
108 193
117 161
61 83
175 187
15 65
53 149
52 143
65 92
2 182
65 139
30 165
143 165
35 199
1 15
149 198
