Total weight 8040
264 498
166 243
159 345
308 409
377 474
72 111
274 386
33 319
456 493
59 496
15 258
72 73
22 104
183 400
251 355
389 401
46 368
185 265
421 429
258 377
76 472
349 422
330 447
250 373
66 443
195 423
317 376
109 405
133 186
98 141
192 211
478 496
211 410
169 376
193 362
104 393
25 174
147 406
87 446
158 431
113 271
318 391
169 337
5 97
110 309
244 290
332 433
126 393
160 289
168 487
67 73
170 407
426 479
264 338
123 457
87 355
92 127
245 435
138 335
31 388
329 392
97 102
21 87
81 408
424 426
216 461
125 263
366 373
230 266
218 419
193 259
70 102
169 361
277 340
152 169
97 319
239 491
299 351
25 61
137 145
21 112
71 106
92 284
71 265
189 356
23 175
249 457
104 396
275 461
134 162
175 435
120 331
32 135
310 320
248 491
195 457
100 371
69 373
56 241
149 287
367 494
66 153
203 470
62 428
32 284
179 182
13 409
161 285
54 447
479 489
165 229
68 483
392 483
189 338
232 400
74 284
50 200
312 456
37 72
57 432
384 447
46 64
373 450
84 186
61 469
260 460
22 320
282 402
111 202
171 224
30 43
203 408
409 418
105 493
194 379
52 326
61 284
37 384
245 401
34 412
102 188
117 331
256 458
399 444
239 433
163 284
82 300
397 496
36 278
87 153
44 458
121 180
485 487
223 263
326 396
341 389
158 384
59 140
3 251
369 460
352 383
11 176
90 466
149 367
294 385
346 390
209 306
195 424
56 201
64 315
162 260
65 238
37 104
319 452
128 141
304 443
182 271
75 141
94 279
214 335
323 471
409 487
114 479
297 494
416 474
50 338
58 116
81 267
474 490
203 233
146 182
49 226
152 348
402 448
207 370
272 335
18 204
27 160
196 356
233 364
93 317
260 328
283 392
138 268
136 414
442 453
44 233
197 318
16 473
102 135
275 462
226 232
120 160
281 321
85 244
73 210
183 325
96 405
178 496
110 253
290 421
40 102
183 332
266 394
107 357
203 354
154 199
196 377
8 399
20 313
55 253
277 430
74 256
103 349
154 439
22 116
42 455
2 56
177 362
126 477
221 250
37 345
190 341
48 62
242 319
120 193
341 413
188 201
75 230
332 384
108 170
160 363
343 458
56 493
446 469
85 293
15 181
56 133
80 136
44 480
317 443
217 266
186 467
2 479
240 287
0 116
379 491
140 372
82 329
311 443
386 399
193 283
7 339
320 493
291 350
222 403
138 197
56 98
132 135
221 325
264 483
57 157
28 434
334 397
346 475
211 270
235 302
29 236
385 445
294 416
106 382
65 320
172 216
327 453
208 296
110 176
234 415
15 45
50 336
289 366
206 252
304 418
236 331
218 420
433 460
307 342
314 404
34 281
361 436
103 375
94 228
114 252
36 110
101 449
80 467
62 235
44 245
157 454
237 346
216 426
91 320
2 346
166 286
108 191
168 316
39 133
362 459
104 164
254 402
237 344
78 243
354 486
14 475
34 232
24 431
54 468
95 264
91 374
120 372
122 344
109 333
62 492
138 282
368 373
44 381
119 138
55 464
225 443
337 488
296 325
174 235
0 35
244 265
125 415
19 161
251 288
243 434
390 476
186 324
373 454
44 118
232 269
123 411
132 229
216 425
50 103
12 398
326 473
224 386
187 289
334 419
113 326
5 220
139 205
77 183
224 406
120 282
245 463
262 295
169 333
151 346
261 434
271 305
371 466
191 469
415 470
38 484
269 383
60 153
185 221
245 404
105 224
149 416
12 169
95 306
305 438
107 420
214 359
322 413
278 362
34 497
95 166
247 378
4 221
104 143
94 199
359 410
118 403
351 433
213 461
297 387
356 417
53 374
347 477
273 481
244 246
167 373
44 231
130 274
378 451
298 353
340 414
73 101
167 184
51 340
246 481
83 312
327 370
19 59
6 67
137 277
419 499
244 350
125 298
231 453
456 484
49 279
26 474
466 480
89 99
360 429
47 210
224 427
128 295
247 316
411 441
385 455
215 343
255 499
63 430
17 126
66 437
139 201
30 398
131 269
121 378
115 398
57 89
156 415
144 448
380 494
313 396
154 395
389 440
307 320
308 482
262 323
55 198
241 303
110 339
102 292
31 32
76 325
257 375
124 159
212 368
1 169
57 365
41 197
129 203
9 76
93 276
142 157
86 212
379 465
126 280
449 495
10 378
7 18
76 173
155 392
88 171
9 148
27 227
358 381
150 464
114 301
93 219
79 468
