Total weight 1768
Root node 132
132 5
5 146
146 130
130 78
78 18
18 45
18 23
45 117
45 133
130 110
78 19
110 37
130 22
22 91
91 29
29 80
80 142
80 34
142 1
1 65
23 3
22 68
146 2
2 122
122 61
61 74
74 83
83 21
21 31
61 60
83 87
87 52
52 43
61 126
52 50
50 79
79 12
12 35
35 8
12 141
122 6
6 13
35 96
96 4
4 11
4 46
46 72
4 109
46 111
111 120
120 71
71 77
71 49
49 17
49 27
27 131
71 103
103 148
148 121
121 33
121 127
131 145
145 125
125 36
125 108
36 119
119 107
107 115
119 116
119 99
99 15
145 147
71 9
108 89
89 113
17 135
135 85
85 104
104 0
0 64
104 88
33 84
84 57
57 114
57 25
25 56
84 75
57 106
125 92
33 128
72 59
59 90
11 14
14 10
14 30
14 149
10 38
38 62
49 123
123 81
81 100
100 144
104 69
15 32
65 48
85 70
92 143
130 58
58 53
53 63
56 55
68 54
135 28
15 42
42 118
42 73
73 138
37 7
69 39
59 20
59 139
139 101
138 16
16 41
41 47
47 44
44 82
44 76
82 137
44 136
136 40
84 93
93 95
84 140
85 24
113 66
117 134
133 102
30 97
42 67
78 86
17 124
21 112
112 105
127 51
30 98
32 94
87 26
135 129
