Total weight 1258
Root node 59
59 94
94 97
97 19
19 7
7 37
7 83
7 14
37 88
19 10
10 2
2 96
14 92
37 36
36 93
36 30
30 95
95 13
95 9
9 60
60 50
60 53
50 85
85 69
85 49
50 42
60 64
42 48
48 79
79 63
79 51
51 29
29 25
51 21
21 11
21 73
73 45
45 15
15 8
15 43
73 99
25 57
57 67
67 44
15 0
0 90
29 87
49 74
74 71
71 52
85 1
87 5
5 78
5 91
91 81
13 82
82 76
69 89
73 33
74 55
55 54
89 58
42 35
71 23
76 28
91 34
8 31
25 20
76 80
80 17
20 12
79 6
80 66
13 98
98 84
99 46
28 18
18 38
18 61
43 39
39 4
4 3
3 72
92 26
26 24
51 62
54 27
66 47
18 70
69 77
82 22
49 86
44 41
88 32
31 65
59 16
89 68
93 75
44 40
0 56
