Total weight 8026
Root node 3
3 178
3 146
178 60
60 199
60 151
151 102
102 163
102 192
192 48
48 104
48 57
57 84
84 153
48 117
117 83
83 9
83 0
0 40
0 150
9 191
83 24
24 184
184 165
165 98
150 63
83 53
53 175
150 66
66 123
53 23
23 114
114 174
165 105
123 127
117 136
136 46
191 90
90 62
62 155
155 49
49 110
155 73
90 96
62 45
114 193
23 43
153 168
168 172
53 36
36 188
36 72
9 142
150 71
24 39
39 56
48 116
53 16
102 179
179 19
104 29
90 181
83 37
37 176
114 166
40 132
132 124
132 38
38 173
124 182
182 177
177 21
104 81
83 89
89 47
89 170
170 160
89 51
47 113
113 156
156 8
8 119
119 159
117 125
125 134
38 17
134 59
175 144
47 195
104 130
130 91
91 6
6 183
183 171
174 95
95 80
80 74
80 111
192 33
117 5
171 152
37 4
144 185
155 112
81 54
54 93
93 88
88 164
164 87
87 197
197 22
197 196
22 82
22 180
93 32
32 12
12 20
32 101
48 122
53 79
79 162
162 67
0 26
21 129
185 41
41 99
80 118
89 76
122 42
125 141
162 109
5 34
188 135
135 128
128 189
189 169
128 147
57 103
192 85
85 31
31 28
17 154
109 121
121 25
121 86
159 94
94 194
105 44
119 50
156 11
11 97
66 27
27 13
117 15
47 77
77 55
77 10
77 58
96 70
98 190
37 131
58 100
56 148
148 140
144 14
193 108
83 61
117 161
161 120
15 65
53 149
149 75
75 68
149 78
78 145
175 187
187 18
18 107
18 64
64 7
107 115
64 126
65 92
182 2
65 139
165 30
30 158
30 133
133 69
30 167
165 143
143 52
199 35
15 1
1 186
149 198
198 106
198 157
198 137
198 138
