Total weight 8040
Root node 77
77 183
183 400
400 232
183 325
183 332
332 433
433 239
239 491
491 248
232 226
226 49
332 384
384 447
447 330
447 54
384 37
37 72
72 111
72 73
73 67
111 202
384 158
158 431
37 104
104 22
104 393
393 126
104 396
22 320
320 310
396 326
326 52
73 210
22 116
116 58
37 345
345 159
126 477
116 0
320 493
493 456
456 312
493 105
493 56
56 241
56 201
56 2
56 127
127 92
92 284
284 32
32 135
284 74
284 61
61 25
25 174
61 469
284 163
135 102
102 97
97 5
97 319
319 33
102 70
102 188
319 452
102 40
74 256
256 458
458 44
44 233
233 203
203 470
203 408
408 81
81 267
233 364
203 354
56 133
133 186
186 84
319 242
458 343
469 446
446 87
87 21
87 355
355 251
21 112
87 153
153 66
66 443
251 3
443 304
2 479
479 426
426 424
479 489
424 195
195 423
195 457
457 123
457 249
479 114
44 480
56 98
98 141
141 75
141 128
75 230
230 266
266 394
135 132
186 467
266 217
325 221
221 250
250 373
373 366
373 69
373 450
443 311
443 317
317 376
376 169
169 337
169 152
169 361
152 348
317 93
491 379
379 194
320 65
65 238
304 418
418 409
409 308
409 13
409 487
487 168
487 485
361 436
366 289
289 160
160 27
160 120
120 331
331 117
120 193
193 362
193 259
362 177
160 363
193 283
283 392
392 329
392 483
483 68
329 82
82 300
483 264
264 498
264 338
338 189
189 356
338 50
50 200
356 196
196 377
377 474
377 258
258 15
474 416
474 490
15 181
416 294
294 385
385 445
15 45
50 336
331 236
236 29
433 460
460 260
260 162
162 134
460 369
260 328
2 346
346 390
346 475
44 245
245 435
435 175
175 23
245 401
401 389
389 341
341 190
341 413
114 252
252 206
320 91
346 237
426 216
216 461
461 275
275 462
216 172
467 80
80 136
136 414
54 468
91 374
104 164
120 372
372 140
140 59
59 496
496 478
496 397
496 178
397 334
133 39
168 316
232 34
34 412
34 281
281 321
237 344
264 95
344 122
354 486
362 459
431 24
475 14
0 35
44 381
98 235
235 302
235 62
62 428
62 48
62 492
325 296
296 208
337 488
373 368
368 46
46 64
64 315
443 225
44 118
123 411
132 229
229 165
186 324
216 425
232 269
251 288
373 454
454 157
157 57
57 432
390 476
5 220
50 103
103 349
349 422
103 375
120 282
282 402
402 448
402 254
282 138
138 335
335 214
138 268
335 272
138 197
197 318
318 391
138 119
169 333
333 109
109 405
405 96
245 463
289 187
326 113
113 271
271 182
182 179
182 146
271 305
326 473
473 16
334 419
419 218
218 420
346 151
33 383
383 352
153 60
221 185
185 265
265 71
71 106
106 382
265 244
244 290
244 85
290 421
421 429
85 293
245 404
404 314
469 191
191 108
108 170
170 407
470 415
415 234
415 125
125 263
263 223
34 497
95 166
166 243
166 286
243 78
243 434
434 28
434 261
95 306
306 209
105 224
224 171
224 386
386 274
386 399
399 444
399 8
224 406
406 147
169 12
12 398
214 359
221 4
305 438
362 278
278 36
36 11
11 176
176 110
110 309
110 253
253 55
55 464
413 322
416 149
149 287
149 367
367 494
494 297
287 240
420 107
107 357
104 143
118 403
403 222
297 387
356 417
359 410
410 211
211 192
211 270
433 351
351 299
461 213
44 231
244 246
274 130
373 167
374 53
477 347
59 19
19 161
161 285
67 6
73 101
101 449
167 184
246 481
481 273
312 83
414 340
340 277
277 430
277 137
137 145
340 51
49 279
279 94
94 228
94 199
199 154
154 439
125 298
298 353
231 453
453 442
453 327
327 370
370 207
244 350
350 291
419 499
456 484
484 38
429 360
474 26
480 466
466 90
466 371
371 100
128 295
295 262
210 47
224 427
288 455
455 42
316 247
247 378
378 451
411 441
66 437
126 17
343 215
430 63
499 255
201 139
139 205
269 131
378 121
121 180
398 30
30 43
57 89
89 99
398 115
415 156
448 144
494 380
154 395
308 482
320 307
307 342
389 440
396 313
313 20
55 198
241 303
262 323
323 471
32 31
31 388
102 292
110 339
339 7
325 76
76 472
159 124
375 257
57 365
169 1
368 212
197 41
203 129
76 9
93 276
157 142
212 86
379 465
126 280
449 495
7 18
18 204
76 173
378 10
392 155
171 88
9 148
27 227
381 358
464 150
93 219
114 301
468 79
