100
1 324
1 435
1 633
1 522
1 514
1 226
1 420
1 136
1 344
1 900
1 39
1 25
1 583
1 64
1 907
2 2
2 2
1 874
0 228
1 781
2 1
2 2
1 988
1 73
1 626
0 968
1 582
2 4
1 425
1 967
2 1
1 636
0 662
1 949
1 717
2 1
2 3
1 163
1 321
2 4
1 583
1 366
1 529
2 3
2 2
1 904
1 276
1 156
2 4
2 3
0 505
2 3
1 878
1 133
1 944
1 501
2 4
1 7
1 436
2 4
1 531
0 495
1 243
1 581
1 72
0 489
2 3
2 4
0 685
0 131
0 169
0 160
2 4
1 87
0 839
0 120
1 766
2 4
0 82
1 985
0 351
1 26
1 30
0 957
2 2
1 600
1 249
2 1
0 767
2 4
1 899
1 268
2 2
2 2
1 842
0 543
0 611
0 805
2 1
1 120