100
1 324 1
1 435 1
1 633 1
1 522 1
1 514 1
1 226 1
1 420 1
1 136 1
1 344 1
1 900 1
1 39 1
1 25 1
1 583 1
1 64 1
1 907 1
25 39 64 136 226 324 344 420 435 514 522 583 633 900 907 
25 39 64 136 226 324 344 420 435 514 522 583 633 900 907 
1 874 1
0 228 0
1 781 1
435 324 136 39 25 64 226 420 344 633 522 514 583 900 874 781 907 
25 39 64 136 226 324 344 420 435 514 522 583 633 781 874 900 907 
1 988 1
1 73 1
1 626 1
0 968 0
1 582 1
435 324 633 64 420 522 900 39 136 344 514 583 874 907 25 73 226 582 626 781 988 
1 425 1
1 967 1
435 324 64 39 25 136 73 226 420 344 425 633 522 514 583 582 626 900 874 781 967 907 988 
1 636 1
0 662 0
1 949 1
1 717 1
435 324 64 39 25 136 73 226 420 344 425 633 522 514 583 582 626 900 781 636 717 874 967 907 949 988 
25 39 73 226 136 64 344 425 420 324 514 582 626 583 522 717 636 874 781 949 907 988 967 900 633 435 
1 163 1
1 321 1
435 136 633 64 324 522 900 39 73 226 420 514 583 781 967 25 163 321 344 425 582 626 636 874 907 988 717 949 
1 583 0
1 366 1
1 529 1
25 39 73 64 163 321 226 366 344 425 420 324 136 514 529 522 626 583 582 717 636 874 781 949 907 988 967 900 633 435 
25 39 64 73 136 163 226 321 324 344 366 420 425 435 514 522 529 582 583 626 633 636 717 781 874 900 907 949 967 988 
1 904 1
1 276 1
1 156 1
435 136 633 64 324 582 900 39 73 226 420 522 583 781 967 25 163 321 344 425 514 529 626 636 874 907 988 156 276 366 717 904 949 
25 39 73 64 156 163 276 321 226 366 344 425 420 324 136 514 529 522 626 583 582 717 636 874 781 904 949 907 988 967 900 633 435 
0 505 0
25 39 73 64 156 163 276 321 226 366 344 425 420 324 136 514 529 522 626 583 582 717 636 874 781 904 949 907 988 967 900 633 435 
1 878 1
1 133 1
1 944 1
1 501 1
435 136 633 64 324 582 900 39 73 226 420 522 583 781 949 25 133 163 321 344 425 514 529 626 636 874 907 967 156 276 366 501 717 878 904 944 988 
1 7 1
1 436 1
435 136 633 64 324 582 900 25 73 226 420 522 583 781 949 7 39 133 163 321 344 425 501 529 626 636 874 907 967 156 276 366 436 514 717 878 904 944 988 
1 531 1
0 495 0
1 243 1
1 581 1
1 72 1
0 489 0
7 39 25 72 133 73 64 156 163 243 321 276 226 366 344 425 420 324 136 436 514 501 529 581 531 522 626 583 582 717 636 878 874 781 904 944 907 988 967 949 900 633 435 
435 136 633 64 324 582 900 25 73 226 420 522 583 781 949 7 39 72 133 163 276 344 425 501 531 626 636 874 907 967 156 243 321 366 436 514 529 581 717 878 904 944 988 
0 685 0
0 131 0
0 169 0
0 160 0
435 136 633 64 324 582 900 25 73 226 420 522 583 781 949 7 39 72 133 163 276 344 425 501 531 626 636 874 907 967 156 243 321 366 436 514 529 581 717 878 904 944 988 
1 87 1
0 839 0
0 120 0
1 766 1
435 136 633 64 324 582 900 25 73 226 420 522 583 781 949 7 39 72 133 163 276 344 425 501 531 626 717 874 907 967 87 156 243 321 366 436 514 529 581 636 766 878 904 944 988 
0 82 0
1 985 1
0 351 0
1 26 1
1 30 1
0 957 0
7 25 26 30 39 64 72 73 87 133 136 156 163 226 243 276 321 324 344 366 420 425 435 436 501 514 522 529 531 581 582 583 626 633 636 717 766 781 874 878 900 904 907 944 949 967 985 988 
1 600 1
1 249 1
435 136 64 25 7 30 26 39 73 72 133 87 324 226 163 156 276 243 249 321 420 344 366 425 633 582 522 501 436 514 531 529 581 600 583 626 900 781 717 636 766 874 878 949 907 904 944 985 967 988 
0 767 0
435 136 633 64 324 582 900 25 73 226 420 522 600 781 949 7 30 72 133 163 276 344 425 501 531 583 626 717 874 907 985 26 39 87 156 243 321 366 436 514 529 581 636 766 878 904 944 967 988 249 
1 899 1
1 268 1
7 25 26 30 39 64 72 73 87 133 136 156 163 226 243 249 268 276 321 324 344 366 420 425 435 436 501 514 522 529 531 581 582 583 600 626 633 636 717 766 781 874 878 899 900 904 907 944 949 967 985 988 
7 25 26 30 39 64 72 73 87 133 136 156 163 226 243 249 268 276 321 324 344 366 420 425 435 436 501 514 522 529 531 581 582 583 600 626 633 636 717 766 781 874 878 899 900 904 907 944 949 967 985 988 
1 842 1
0 543 0
0 611 0
0 805 0
435 136 64 25 7 30 26 39 73 72 133 87 324 226 163 156 276 249 243 268 321 420 344 366 425 633 582 522 501 436 514 531 529 581 600 583 626 900 781 717 636 766 878 874 842 899 949 907 904 944 985 967 988 
1 120 1