100
1 265
1 16
1 861
1 211
1 595
1 718
1 92
1 995
1 829
1 257
1 962
1 732
1 286
1 236
1 309
1 781
1 196
1 344
1 248
1 631
3 289
0 370
3 855
1 16
2 905
0 221
1 841
3 362
1 700
1 344
3 711
2 612
2 998
0 179
1 196
3 455
0 791
3 300
1 541
2 41
2 28
0 693
2 113
1 831
1 614
0 5
3 491
3 139
1 210
0 334
1 944
3 770
1 102
1 514
0 480
0 616
1 278
2 542
2 344
0 157
3 421
0 788
1 968
1 62
1 333
1 607
1 765
1 264
0 485
3 616
1 685
3 747
2 157
1 71
2 330
3 926
3 291
2 663
1 604
1 315
0 424
3 855
2 824
2 802
0 499
1 274
1 827
2 166
2 695
0 286
3 440
1 310
3 28
0 868
3 296
1 628
0 976
0 270
3 205
1 670